0,227
0,364
19,3
6,4
12,3
16,3
9,3
10,3
27,3
0,363
0,362
0,361
132,95
132,94
132,93
132,92
132,91
132,90
132,89
132,88
132,87
132,124
132,123
132,122
132,121
132,120
132,119
132,118
132,117
132,116
132,115
132,114
132,113
132,112
132,111
132,110
132,109
132,108
132,107
132,106
132,105
132,104
132,103
132,102
132,101
132,100
132,144
132,143
132,142
132,141
132,140
132,139
132,138
132,137
132,136
132,135
132,134
132,133
132,132
132,131
132,130
132,129
132,128
132,127
132,126
132,125
132,3
0,360
0,359
5,1
5,3
0,441
2,1
2,3
0,357
1,1
1,3
27,2
27,1
27,4
0,356
152,1
152,3
117,1
117,3
132,183
132,182
132,181
132,180
132,179
132,178
132,177
132,176
132,175
132,174
132,173
132,172
132,171
132,170
132,169
132,168
132,167
132,166
132,165
132,164
132,163
132,162
132,161
132,160
132,159
132,158
132,157
132,156
132,155
132,154
132,153
132,152
132,151
132,150
132,149
132,148
132,147
132,146
132,145
15,3
0,440
0,300
0,299
0,298
0,297
0,296
0,295
0,294
0,293
0,292
0,291
0,290
0,289
0,288
0,287
0,286
0,285
0,284
0,283
0,282
0,281
0,280
0,279
0,278
0,277
0,276
0,275
0,274
0,273
0,272
0,271
0,270
0,269
0,268
0,267
0,266
0,265
0,264
0,263
0,262
0,261
0,260
0,259
0,258
0,257
0,256
0,255
0,254
0,253
0,252
0,251
0,250
0,249
0,248
0,247
0,246
0,245
0,244
0,242
0,241
0,240
0,239
0,238
0,237
0,236
0,235
0,234
0,233
0,232
0,231
0,230
0,229
0,228
0,226
0,225
0,224
0,223
0,222
0,221
0,220
0,219
0,218
0,217
0,216
0,215
0,214
0,213
0,212
0,211
0,210
0,209
0,208
0,207
0,206
0,205
0,341
0,204
0,203
0,202
0,201
0,0
0,322
0,337
0,200
0,199
0,198
0,197
0,196
0,195
0,194
0,193
0,192
0,63
0,62
0,61
0,60
0,59
0,58
0,57
0,56
0,55
0,54
0,53
0,52
0,51
